[88, 75]
[88, 49, 75]
[88, 49]
[88, 87]
[88, 74]
[88, 7]
[88, 92]
[88, 84]
[88, 79]
[88, 69]
[88, 66]
[88, 58]
[88, 54]
[88, 46]
[88, 45]
[88, 44]
[88, 34]
[88, 28]
[88, 15]
[88, 13]
[88, 12]
[88, 98]
[88, 93]
[88, 91]
[88]
[89, 2, 40]
[89, 2]
[89, 21]
[89, 87]
[89, 86]
[89, 65]
[89, 58]
[89, 48]
[89, 47]
[89, 40, 100]
[89, 40]
[89, 39]
[89, 28]
[89, 24]
[89, 9]
[89, 5]
[89, 80]
[89, 73]
[89, 72]
[89, 67]
[89, 50]
[89, 37]
[89, 33]
[89, 32]
[89, 6, 2]
[89, 6]
[89, 3]
[89, 12]
[89, 97, 87]
[89, 97]
[89, 91]
[89, 82, 12]
[89, 82]
[89, 81]
[89, 100]
[89, 79, 93]
[89, 79]
[89, 77]
[89, 76]
[89, 71]
[89, 66]
[89, 55]
[89, 54]
[89, 51]
[89, 46]
[89, 45]
[89, 44]
[89, 43]
[89, 34]
[89, 27]
[89, 26]
[89, 19]
[89, 18]
[89, 17]
[89, 93]
[89, 92]
[89, 88]
[89]
[90, 21]
[90, 79]
[90, 17]
[90, 91]
[90, 87]
[90, 100]
[90, 67]
[90, 56]
[90, 51]
[90, 48]
[90, 45]
[90, 43]
[90, 32]
[90, 24]
[90, 6]
[90, 98]
[90, 97]
[90, 86]
[90, 81]
[90, 75]
[90, 72]
[90, 71]
[90, 66]
[90, 64]
[90, 63]
[90, 58]
[90, 55]
[90, 53]
[90, 52]
[90, 46]
[90, 36]
[90, 35]
[90, 30]
[90, 26]
[90, 1]
[90, 19]
[90, 18]
[90, 16]
[90, 13]
[90, 12]
[90, 93]
[90, 92]
[90, 88]
[90]
[91, 69]
[91, 30]
[91, 75]
[91, 74]
[91, 44]
[91, 40]
[91, 34]
[91, 26]
[91, 24]
[91, 93]
[91, 92]
[91]
[92, 66]
[92, 23]
[92, 0]
[92, 15]
[92, 87]
[92, 76]
[92, 71]
[92, 7]
[92, 95]
[92]
[93, 54]
[93, 23]
[93, 13]
[93, 95]
[93, 76]
[93, 75]
[93, 71]
[93, 44]
[93, 7]
[93, 0]
[93, 18]
[93]
[94, 15]
[94, 81]
[94, 36]
[94, 77]
[94, 48, 3]
[94, 48]
[94, 38]
[94, 25]
[94, 9]
[94, 89]
[94, 80]
[94, 74]
[94, 72]
[94, 65]
[94, 53]
[94, 50]
[94, 41]
[94, 1]
[94, 16]
[94, 14]
[94, 96]
[94, 88]
[94, 87]
[94, 85]
[94, 82]
[94, 78, 19]
[94, 78]
[94, 75]
[94, 73]
[94, 70]
[94, 69]
[94, 62]
[94, 60]
[94, 58]
[94, 57]
[94, 55]
[94, 54]
[94, 52]
[94, 51]
[94, 46]
[94, 43]
[94, 40]
[94, 35]
[94, 33]
[94, 30]
[94, 28]
[94, 27]
[94, 22]
[94, 7]
[94, 4]
[94, 3]
[94, 19]
[94, 18]
[94, 13]
[94, 12]
[94, 99]
[94, 95]
[94, 91]
[94]
[95, 18]
[95]
[96, 70]
[96, 1]
[96, 80]
[96, 39]
[96, 32]
[96, 7]
[96, 86]
[96, 100]
[96, 75]
[96, 45]
[96, 42]
[96, 34]
[96, 4]
[96, 15]
[96, 92]
[96]
[97, 32]
[97, 33]
[97, 93]
[97, 71]
[97, 58]
[97, 57]
[97, 54]
[97, 53]
[97, 47]
[97, 37]
[97, 24]
[97, 5]
[97, 13]
[97, 11]
[97, 87]
[97, 76]
[97, 75]
[97, 60]
[97, 43]
[97, 36]
[97, 28]
[97, 23]
[97, 7]
[97, 6]
[97, 2]
[97, 0]
[97, 91]
[97, 95]
[97, 96]
[97]
[10, 68, 62]
[10, 68]
[10, 38]
[10, 64, 45]
[10, 64]
[10, 56]
[10, 41]
[10, 33, 3]
[10, 33]
[10, 25]
[10, 23]
[10, 5]
[10, 4]
[10, 3, 86]
[10, 3]
[10, 97]
[10, 85]
[10, 83, 96]
[10, 83]
[10, 77]
[10, 70]
[10, 62, 1]
[10, 62]
[10, 51]
[10, 45]
[10, 39]
[10, 35]
[10, 34]
[10, 28]
[10, 6]
[10, 2]
[10, 17]
[10, 14]
[10, 87]
[10, 86]
[10, 82]
[10, 81]
[10, 80]
[10, 75]
[10, 67]
[10, 65]
[10, 57]
[10, 55]
[10, 50]
[10, 48]
[10, 40]
[10, 36]
[10, 27]
[10, 21]
[10, 9]
[10, 1]
[10, 0]
[10, 16]
[10, 99]
[10, 98]
[10, 90]
[10, 95]
[10, 96]
[10]
[98, 15]
[98, 79]
[98, 32]
[98, 86]
[98, 100]
[98, 76]
[98, 73]
[98, 69]
[98, 66]
[98, 54]
[98, 24]
[98, 7]
[98, 18]
[98, 17]
[98]
[11, 30]
[11, 56]
[11, 26]
[11, 2]
[11, 96]
[11, 69]
[11, 60]
[11, 45]
[11, 32]
[11, 87]
[11, 76]
[11, 71]
[11, 70]
[11, 66]
[11, 62]
[11, 44]
[11, 43]
[11, 39]
[11, 0]
[11, 12]
[11, 88]
[11, 92]
[11, 98]
[11]
[99, 65, 32]
[99, 65]
[99, 1]
[99, 48, 32]
[99, 48]
[99, 43, 13]
[99, 43]
[99, 32, 28]
[99, 32]
[99, 26]
[99, 89, 39]
[99, 89]
[99, 96]
[99, 49, 17]
[99, 49]
[99, 45]
[99, 39]
[99, 28]
[99, 22]
[99, 93]
[99, 85]
[99, 59]
[99, 57]
[99, 51]
[99, 46]
[99, 41]
[99, 9]
[99, 6]
[99, 5, 96]
[99, 5]
[99, 3]
[99, 17]
[99, 14]
[99, 13]
[99, 90]
[99, 82]
[99, 79]
[99, 77]
[99, 74]
[99, 72]
[99, 70]
[99, 67]
[99, 60]
[99, 55, 43]
[99, 55]
[99, 53]
[99, 52]
[99, 50]
[99, 47]
[99, 44]
[99, 37]
[99, 30]
[99, 24]
[99, 23]
[99, 2]
[99, 16]
[99, 12]
[99, 92]
[99, 11]
[99]
[12, 92]
[12, 100]
[12, 75]
[12, 69]
[12, 95]
[12, 74]
[12, 73]
[12, 45]
[12, 44]
[12, 34]
[12, 24]
[12, 18]
[12, 17]
[12, 13]
[12, 98]
[12]
[13, 70]
[13, 45]
[13, 32]
[13, 18]
[13]
[14, 67]
[14, 42]
[14, 39]
[14, 4]
[14, 92]
[14, 87]
[14, 81]
[14, 77]
[14, 75]
[14, 72]
[14, 64]
[14, 46]
[14, 45]
[14, 43]
[14, 34]
[14, 33, 26]
[14, 33]
[14, 0]
[14, 90]
[14, 96]
[14, 84]
[14, 82]
[14, 74]
[14, 71]
[14, 66]
[14, 63]
[14, 59]
[14, 58]
[14, 55]
[14, 54]
[14, 51]
[14, 30]
[14, 26]
[14, 23]
[14, 21]
[14, 5]
[14, 2]
[14, 1]
[14, 19]
[14, 16]
[14, 88]
[14, 95]
[14]
[15, 76]
[15, 66]
[15, 47]
[15, 7]
[15]
[16, 23]
[16, 39]
[16, 3]
[16, 51]
[16, 85]
[16, 79]
[16, 73]
[16, 56]
[16, 54]
[16, 47]
[16, 40]
[16, 34]
[16, 22]
[16, 88]
[16, 91]
[16, 92]
[16, 97]
[16, 13]
[16, 84]
[16, 81]
[16, 80]
[16, 72]
[16, 71]
[16, 69]
[16, 64]
[16, 62]
[16, 58]
[16, 55]
[16, 50, 3]
[16, 50]
[16, 49]
[16, 36]
[16, 35]
[16, 27]
[16, 24]
[16, 7]
[16, 5]
[16, 1]
[16, 19]
[16, 17]
[16, 95]
[16, 96]
[16, 15]
[16]
[17]
[18]
[19, 95]
[19, 84]
[19, 42]
[19, 26]
[19, 7]
[19, 88]
[19, 91, 26]
[19, 91]
[19, 79]
[19, 54]
[19, 47]
[19, 45]
[19, 40]
[19, 33]
[19, 22]
[19, 4]
[19, 86]
[19, 80]
[19, 76]
[19, 74]
[19, 73]
[19, 60]
[19, 56]
[19, 46]
[19, 44]
[19, 24]
[19, 3]
[19, 2]
[19, 0]
[19, 15]
[19, 18]
[19]
[0, 70]
[0, 76]
[0, 17]
[0]
[1, 9]
[1, 74]
[1, 23]
[1, 95]
[1, 100]
[1, 70]
[1, 54]
[1, 44]
[1, 30]
[1, 13]
[1, 0]
[1]
[2, 80]
[2, 40, 100]
[2, 40]
[2, 100]
[2, 71, 47]
[2, 71]
[2, 26]
[2, 4]
[2, 13]
[2, 73]
[2, 62]
[2, 60]
[2, 58]
[2, 54]
[2, 47]
[2, 45]
[2, 34]
[2, 7]
[2, 92]
[2]
[3, 79]
[3, 60]
[3, 30]
[3, 86]
[3, 34]
[3, 24]
[3, 23]
[3, 93]
[3, 17]
[3, 87]
[3, 73]
[3, 70]
[3, 54]
[3, 45]
[3, 44]
[3, 42]
[3, 28]
[3, 92]
[3, 98]
[3, 15]
[3, 18]
[3]
[4, 49]
[4, 66]
[4, 34]
[4, 23]
[4, 12]
[4, 86]
[4, 84]
[4, 100]
[4, 79]
[4, 73]
[4, 40]
[4, 98]
[4, 17]
[4]
[5, 85]
[5, 64]
[5, 11]
[5, 95]
[5, 0]
[5, 100]
[5, 75]
[5, 60]
[5, 55]
[5, 43]
[5, 35]
[5, 23]
[5, 7]
[5, 92]
[5, 96]
[5, 86]
[5, 73]
[5, 70]
[5, 62]
[5, 54]
[5, 47]
[5, 45]
[5, 33]
[5, 26]
[5, 24]
[5, 22]
[5, 88]
[5, 93]
[5, 98]
[5, 15]
[5, 1]
[5]
[6, 60]
[6, 88]
[6, 96]
[6, 12]
[6, 75]
[6, 62]
[6, 58]
[6, 34]
[6, 22]
[6, 1]
[6, 2]
[6, 85]
[6, 100]
[6, 79]
[6, 56]
[6, 55]
[6, 53]
[6, 46]
[6, 42]
[6, 40]
[6, 32]
[6, 30]
[6, 28]
[6, 24]
[6, 95]
[6, 11]
[6, 13]
[6, 17]
[6, 4]
[6]
[7, 13]
[7, 28]
[7, 18]
[7]
[8, 77]
[8, 43]
[8, 78]
[8, 71]
[8, 50]
[8, 40]
[8, 31]
[8, 26]
[8, 88]
[8, 91]
[8, 98]
[8, 86]
[8, 82]
[8, 81]
[8, 76]
[8, 74]
[8, 73]
[8, 66]
[8, 60]
[8, 57]
[8, 53]
[8, 51]
[8, 41, 90]
[8, 41]
[8, 38, 2]
[8, 38]
[8, 25]
[8, 22]
[8, 20]
[8, 90]
[8, 96]
[8, 97]
[8, 10, 40]
[8, 10]
[8, 13]
[8, 19]
[8, 0]
[8, 2]
[8, 3]
[8, 5]
[8, 6]
[8, 87]
[8, 84]
[8, 80]
[8, 100]
[8, 70]
[8, 63]
[8, 59]
[8, 56]
[8, 52]
[8, 49]
[8, 48]
[8, 46]
[8, 37]
[8, 34]
[8, 33]
[8, 32]
[8, 29]
[8, 28]
[8, 21]
[8, 89]
[8, 94]
[8, 11]
[8]
[9, 70]
[9, 45]
[9, 76]
[9]
[20, 83, 33]
[20, 83]
[20, 46]
[20, 29, 90]
[20, 29]
[20, 64]
[20, 50, 73]
[20, 50]
[20, 42]
[20, 90, 91]
[20, 90]
[20, 14]
[20, 87]
[20, 73]
[20, 70]
[20, 65, 4]
[20, 65]
[20, 63]
[20, 43]
[20, 33]
[20, 32]
[20, 21]
[20, 11]
[20, 67]
[20, 28]
[20, 26]
[20, 24]
[20, 22]
[20, 91]
[20, 94]
[20, 4]
[20, 9]
[20, 85]
[20, 82]
[20, 100]
[20, 79]
[20, 72]
[20, 69]
[20, 62]
[20, 58]
[20, 56]
[20, 55]
[20, 52]
[20, 51]
[20, 40]
[20, 39]
[20, 37]
[20, 35]
[20, 30]
[20, 27]
[20, 89]
[20, 98]
[20, 13]
[20, 16]
[20, 17]
[20, 0]
[20, 1]
[20, 5]
[20, 6]
[20, 7]
[20]
[21, 87]
[21, 81]
[21, 55]
[21, 15]
[21, 17]
[21, 4]
[21, 54]
[21, 37, 87]
[21, 37]
[21, 36]
[21, 30]
[21, 6, 34]
[21, 6]
[21, 85]
[21, 84]
[21, 79]
[21, 64]
[21, 52]
[21, 48]
[21, 22]
[21, 96]
[21, 19, 4]
[21, 19]
[21, 86]
[21, 82]
[21, 74]
[21, 72]
[21, 60]
[21, 57]
[21, 51]
[21, 46]
[21, 42]
[21, 39]
[21, 35, 84]
[21, 35]
[21, 34]
[21, 33]
[21, 91]
[21, 11]
[21, 3]
[21, 9]
[21]
[22, 46, 17]
[22, 46]
[22, 75]
[22, 42]
[22, 34]
[22, 26]
[22, 98]
[22, 13]
[22, 18]
[22, 3, 79]
[22, 3]
[22, 87]
[22, 79]
[22, 70]
[22, 45]
[22, 44]
[22, 40]
[22, 32]
[22, 28]
[22, 24]
[22, 23]
[22, 91]
[22, 15]
[22, 17]
[22]
[23, 15]
[23, 7]
[23, 70]
[23, 95]
[23]
[24, 34]
[24, 87]
[24, 15]
[24, 17]
[24, 76]
[24, 47]
[24, 45]
[24, 18]
[24, 9]
[24]
[25, 27, 62]
[25, 27]
[25, 82]
[25, 50]
[25, 43]
[25, 93]
[25, 9]
[25, 62]
[25, 59]
[25, 48]
[25, 46]
[25, 44]
[25, 33]
[25, 16]
[25, 0]
[25, 23]
[25, 86]
[25, 84]
[25, 81]
[25, 75]
[25, 74]
[25, 73]
[25, 71]
[25, 70]
[25, 63]
[25, 58]
[25, 57]
[25, 53]
[25, 49]
[25, 47]
[25, 45]
[25, 39]
[25, 36]
[25, 90]
[25, 91]
[25, 92]
[25, 97]
[25, 98]
[25, 11]
[25, 12]
[25, 14]
[25, 5]
[25, 6]
[25]
[26, 79]
[26, 54]
[26, 47]
[26, 18]
[26, 69]
[26, 44]
[26, 95]
[26, 17]
[26, 23]
[26, 24]
[26]
[27, 86]
[27, 62, 75]
[27, 62]
[27, 60, 86]
[27, 60]
[27, 88]
[27, 91]
[27, 92]
[27, 71]
[27, 70]
[27, 93]
[27, 11]
[27, 17]
[27, 100]
[27, 75]
[27, 58]
[27, 56]
[27, 55]
[27, 49]
[27, 47]
[27, 42]
[27, 40]
[27, 39]
[27, 34]
[27, 33]
[27, 28]
[27, 96]
[27, 12]
[27, 2]
[27, 4]
[27, 7]
[27]
[28]
[29, 82]
[29, 67]
[29, 75]
[29, 11, 70]
[29, 11]
[29, 25]
[29, 62]
[29, 98]
[29, 80]
[29, 70]
[29, 65]
[29, 54]
[29, 51]
[29, 88]
[29, 90]
[29, 94]
[29, 99]
[29, 14]
[29, 19]
[29, 1]
[29, 3]
[29, 22]
[29, 24]
[29, 27]
[29, 87]
[29, 83]
[29, 79]
[29, 76]
[29, 63]
[29, 57]
[29, 56]
[29, 53]
[29, 52]
[29, 50]
[29, 46]
[29, 44]
[29, 43]
[29, 42]
[29, 41]
[29, 39]
[29, 37]
[29, 91]
[29, 93]
[29, 12]
[29, 17]
[29, 6]
[29, 21]
[29]
[30, 69]
[30, 92]
[30, 7, 13]
[30, 7]
[30, 95]
[30, 13]
[30, 15]
[30, 18]
[30, 79]
[30, 76]
[30, 73]
[30, 17]
[30, 0]
[30, 24]
[30]
[31, 77, 48]
[31, 77]
[31, 10, 77]
[31, 10, 64]
[31, 10]
[31, 65]
[31, 2]
[31, 4]
[31, 9]
[31, 29]
[31, 66]
[31, 56]
[31, 53]
[31, 51, 27]
[31, 51]
[31, 36]
[31, 17]
[31, 3]
[31, 5]
[31, 28]
[31, 86]
[31, 83]
[31, 76]
[31, 64]
[31, 62]
[31, 39]
[31, 38]
[31, 33]
[31, 97]
[31, 98]
[31, 27]
[31, 85]
[31, 82]
[31, 100]
[31, 78, 39]
[31, 78]
[31, 71]
[31, 57]
[31, 54]
[31, 50]
[31, 49, 28]
[31, 49]
[31, 48]
[31, 47]
[31, 41, 85]
[31, 41]
[31, 34]
[31, 32]
[31, 88]
[31, 89]
[31, 90]
[31, 91]
[31, 92]
[31, 93]
[31, 11, 32]
[31, 11]
[31, 99]
[31, 18]
[31, 22]
[31, 23]
[31, 24]
[31]
[32, 28]
[32]
[33, 40]
[33, 26]
[33, 39]
[33, 84]
[33, 70]
[33, 91]
[33, 7]
[33, 100]
[33, 75]
[33, 74]
[33, 73]
[33, 66]
[33, 62]
[33, 46]
[33, 45]
[33, 42]
[33, 34]
[33, 92]
[33, 95]
[33, 96]
[33, 3]
[33, 9]
[33, 22]
[33, 24]
[33, 28]
[33, 30]
[33]
[34, 45]
[34, 87]
[34, 70]
[34, 66]
[34, 15]
[34]
[35, 60]
[35, 84]
[35, 87]
[35, 100]
[35, 73]
[35, 88]
[35, 91]
[35, 95]
[35, 13]
[35, 1]
[35, 24]
[35, 86]
[35, 80]
[35, 69]
[35, 62]
[35, 40]
[35, 96]
[35, 12]
[35, 33]
[35]
[36, 85]
[36, 75]
[36, 73]
[36, 56]
[36, 91]
[36, 7]
[36, 27]
[36, 33]
[36, 87]
[36, 84]
[36, 69]
[36, 93]
[36, 19]
[36, 22]
[36, 86]
[36, 79]
[36, 71]
[36, 64]
[36, 62]
[36, 60]
[36, 58]
[36, 55]
[36, 50]
[36, 49]
[36, 43]
[36, 88]
[36, 92]
[36, 11]
[36, 12]
[36, 15]
[36, 17]
[36, 18]
[36, 2]
[36, 6]
[36, 9]
[36, 30]
[36]
[37, 66]
[37, 88]
[37, 0]
[37, 32]
[37, 79]
[37, 49]
[37, 46]
[37, 40]
[37, 91]
[37, 11]
[37, 33]
[37, 87]
[37, 86]
[37, 71]
[37, 62]
[37, 60]
[37, 56]
[37, 54]
[37, 44]
[37, 98]
[37, 12]
[37, 13]
[37, 15]
[37, 3]
[37, 4]
[37, 9]
[37, 24]
[37, 27]
[37, 34]
[37]
[38, 73]
[38, 14]
[38, 25]
[38, 71]
[38, 70]
[38, 63, 4]
[38, 63]
[38, 62]
[38, 48, 71]
[38, 48]
[38, 89]
[38, 2]
[38, 4]
[38, 35, 73]
[38, 35]
[38, 84]
[38, 82]
[38, 80]
[38, 65]
[38, 64]
[38, 59]
[38, 56]
[38, 52]
[38, 51]
[38, 41]
[38, 40]
[38, 39]
[38, 90]
[38, 11]
[38, 16]
[38, 18]
[38, 9]
[38, 27]
[38, 37]
[38, 87]
[38, 81]
[38, 76]
[38, 67]
[38, 50, 2]
[38, 50]
[38, 46]
[38, 88]
[38, 92]
[38, 95]
[38, 12]
[38, 17]
[38, 3]
[38, 5]
[38, 22]
[38, 26]
[38, 32]
[38, 36]
[38]
[39, 26]
[39, 74]
[39, 30]
[39, 87]
[39, 79, 76]
[39, 79]
[39, 54]
[39, 23]
[39, 80]
[39, 76]
[39, 73]
[39, 66]
[39, 49]
[39, 47]
[39, 13]
[39, 3]
[39, 4]
[39, 7]
[39, 22]
[39]
[40, 100]
[40, 34]
[40, 71]
[40, 95]
[40, 26]
[40, 76]
[40, 75]
[40, 54]
[40, 32]
[40]
[41, 85]
[41, 98]
[41, 67]
[41, 53, 44]
[41, 53]
[41, 51]
[41, 90]
[41, 95]
[41, 22]
[41, 37]
[41, 81, 35]
[41, 81]
[41, 58]
[41, 42]
[41, 91, 24]
[41, 91]
[41, 96]
[41, 11]
[41, 2]
[41, 35]
[41, 75]
[41, 73]
[41, 66]
[41, 63]
[41, 60]
[41, 57]
[41, 55]
[41, 50]
[41, 49]
[41, 47]
[41, 44]
[41, 43]
[41, 88]
[41, 16]
[41, 0]
[41, 6]
[41, 9]
[41, 21]
[41, 24]
[41, 27]
[41, 28]
[41, 33]
[41, 39]
[41]
[42, 79]
[42, 74]
[42, 92]
[42, 0]
[42, 86]
[42, 70]
[42, 69]
[42, 45]
[42, 98]
[42, 12]
[42, 17]
[42, 23]
[42, 24]
[42, 30]
[42]
[43, 54]
[43, 91]
[43, 93, 13]
[43, 93]
[43, 13]
[43, 0]
[43, 7]
[43, 30]
[43, 87]
[43, 86]
[43, 79]
[43, 74]
[43, 66]
[43, 46]
[43, 23]
[43, 42]
[43]
[44, 0]
[44, 71]
[44, 76]
[44, 70]
[44, 66]
[44, 47]
[44, 7]
[44, 34]
[44]
[45]
[46, 66]
[46, 17]
[46, 23]
[46, 69]
[46, 12]
[46, 1]
[46, 4]
[46, 28]
[46, 44]
[46, 45]
[46]
[47, 0]
[47, 87]
[47, 76]
[47, 28]
[47, 45]
[47]
[48, 80]
[48, 71]
[48, 1]
[48, 7]
[48, 30]
[48, 39]
[48, 76]
[48, 73]
[48, 60]
[48, 49]
[48, 11]
[48, 3]
[48, 4]
[48, 6]
[48, 32]
[48, 84]
[48, 100]
[48, 72]
[48, 62]
[48, 56]
[48, 53]
[48, 50]
[48, 88]
[48, 91]
[48, 92]
[48, 13]
[48, 17]
[48, 9]
[48, 28]
[48, 35]
[48, 37]
[48, 40]
[48]
[49, 34]
[49, 76]
[49, 17]
[49, 23]
[49, 45]
[49, 100]
[49, 75]
[49, 70]
[49, 69]
[49, 28]
[49, 44]
[49]
[50, 2]
[50, 26]
[50, 35]
[50, 74]
[50, 73]
[50, 66]
[50, 62]
[50, 55]
[50, 12]
[50, 13]
[50, 15]
[50, 3]
[50, 30]
[50, 87]
[50, 86]
[50, 100]
[50, 60]
[50, 56]
[50, 91]
[50, 96]
[50, 98]
[50, 18]
[50, 0]
[50, 1]
[50, 4]
[50, 23]
[50, 40]
[50, 44]
[50, 49]
[50]
[51, 22, 46]
[51, 22]
[51, 53, 56]
[51, 53]
[51, 30]
[51, 88]
[51, 27]
[51, 44]
[51, 82]
[51, 80]
[51, 76]
[51, 72]
[51, 63]
[51, 56]
[51, 96]
[51, 97]
[51, 17]
[51, 3]
[51, 6]
[51, 39]
[51, 87]
[51, 100]
[51, 79]
[51, 73]
[51, 62]
[51, 60]
[51, 95]
[51, 98]
[51, 13]
[51, 15]
[51, 19]
[51, 7]
[51, 24]
[51, 35]
[51, 37]
[51, 42]
[51, 46]
[51, 47]
[51, 48]
[51]
[52, 84]
[52, 72]
[52, 69]
[52, 64]
[52, 22]
[52, 30]
[52, 50, 30]
[52, 50]
[52, 100]
[52, 76]
[52, 74]
[52, 71]
[52, 70]
[52, 93]
[52, 12]
[52, 15]
[52, 9]
[52, 27]
[52, 36]
[52, 51]
[52, 80]
[52, 79]
[52, 56]
[52, 53]
[52, 92]
[52, 95]
[52, 96]
[52, 19]
[52, 1]
[52, 2]
[52, 3]
[52, 4]
[52, 5]
[52, 6]
[52, 24]
[52, 26]
[52, 28]
[52, 35]
[52, 40]
[52, 42]
[52, 45]
[52, 46]
[52, 49]
[52]
[53, 3]
[53, 44]
[53, 11]
[53, 24]
[53, 76]
[53, 75]
[53, 12]
[53, 13]
[53, 15]
[53, 17]
[53, 22]
[53, 27, 11]
[53, 27]
[53, 30]
[53, 37]
[53, 87]
[53, 60]
[53, 56]
[53, 54]
[53, 92]
[53, 93]
[53, 18]
[53, 1]
[53, 4]
[53, 9]
[53, 23]
[53, 26]
[53, 32]
[53, 33]
[53, 39]
[53, 50]
[53]
[54, 86]
[54, 13]
[54, 15]
[54, 44]
[54, 45]
[54, 47]
[54, 66]
[54, 18]
[54, 9]
[54, 49]
[54]
[55, 91]
[55, 30]
[55, 34]
[55, 100]
[55, 75]
[55, 69]
[55, 88]
[55, 12]
[55, 18]
[55, 2]
[55, 4]
[55, 35]
[55, 43]
[55, 86]
[55, 84]
[55, 80]
[55, 79]
[55, 73]
[55, 66]
[55, 62]
[55, 60]
[55, 95]
[55, 96]
[55, 98]
[55, 17]
[55, 1]
[55, 23]
[55, 24]
[55]
[56, 58]
[56, 88]
[56, 22]
[56, 84]
[56, 70]
[56, 18]
[56, 32]
[56, 45]
[56, 86]
[56, 80]
[56, 100]
[56, 79]
[56, 76]
[56, 74]
[56, 73]
[56, 69]
[56, 66]
[56, 91]
[56, 98]
[56, 0]
[56, 1]
[56, 9]
[56, 23]
[56, 30]
[56, 40]
[56]
[57, 26]
[57, 80]
[57, 34]
[57, 49]
[57, 53, 33]
[57, 53]
[57, 64]
[57, 60]
[57, 58]
[57, 12]
[57, 13]
[57, 18]
[57, 0]
[57, 2]
[57, 4]
[57, 5]
[57, 22]
[57, 33]
[57, 42]
[57, 75]
[57, 74]
[57, 96]
[57, 11]
[57, 3]
[57, 6]
[57, 7]
[57, 24]
[57, 27]
[57, 30]
[57, 35]
[57, 44]
[57, 45]
[57, 50]
[57]
[58, 74, 98]
[58, 74]
[58, 66]
[58, 46]
[58, 15]
[58, 7]
[58, 23]
[58, 26]
[58, 91]
[58, 98]
[58, 12]
[58, 17]
[58, 32]
[58, 42]
[58, 49]
[58, 54]
[58]
[59, 82]
[59, 100, 13]
[59, 100]
[59, 71]
[59, 23]
[59, 52]
[59, 56]
[59, 86]
[59, 79, 23]
[59, 79]
[59, 69]
[59, 60]
[59, 98]
[59, 2]
[59, 6]
[59, 22]
[59, 32]
[59, 35]
[59, 46]
[59, 47]
[59, 58]
[59, 76]
[59, 74]
[59, 73]
[59, 72]
[59, 96]
[59, 97]
[59, 11]
[59, 13]
[59, 18]
[59, 19]
[59, 0]
[59, 1]
[59, 3, 24]
[59, 3]
[59, 4]
[59, 5]
[59, 7]
[59, 9]
[59, 24]
[59, 27]
[59, 30]
[59, 42]
[59, 44]
[59, 48]
[59, 51]
[59, 55]
[59]
[60, 86]
[60, 30, 92]
[60, 30]
[60, 87]
[60, 76]
[60, 91]
[60, 92]
[60, 93]
[60, 45]
[60, 47]
[60, 79]
[60, 75]
[60, 95]
[60, 12]
[60, 13]
[60, 18]
[60, 0]
[60, 7]
[60, 9]
[60, 24]
[60, 26]
[60, 54]
[60]
[61, 96, 75]
[61, 96]
[61, 97]
[61, 75]
[61, 2]
[61, 8, 41]
[61, 8]
[61, 41, 2]
[61, 41]
[61, 68, 57]
[61, 68]
[61, 64, 44]
[61, 64]
[61, 62]
[61, 99]
[61, 7]
[61, 34]
[61, 44]
[61, 47, 76]
[61, 47]
[61, 49]
[61, 54]
[61, 80]
[61, 77]
[61, 63]
[61, 88]
[61, 89]
[61, 92]
[61, 94, 54]
[61, 94]
[61, 98]
[61, 12]
[61, 14]
[61, 15]
[61, 19, 7]
[61, 19]
[61, 1]
[61, 5]
[61, 21]
[61, 22]
[61, 26]
[61, 31]
[61, 38]
[61, 39]
[61, 42]
[61, 46]
[61, 48]
[61, 51]
[61, 52]
[61, 57]
[61, 59]
[61, 83]
[61, 100]
[61, 76]
[61, 72]
[61, 90]
[61, 95]
[61, 11]
[61, 13]
[61, 3]
[61, 6]
[61, 23]
[61, 25]
[61, 28]
[61, 32]
[61, 33]
[61, 40]
[61, 45]
[61, 50]
[61]
[62, 1]
[62, 87]
[62, 80]
[62, 69]
[62, 91]
[62, 40]
[62, 46]
[62, 86]
[62, 100]
[62, 79]
[62, 75]
[62, 71]
[62, 70]
[62, 92]
[62, 93]
[62, 98]
[62, 12]
[62, 13]
[62, 18]
[62, 0]
[62, 24]
[62]
[63, 4]
[63, 47]
[63, 93]
[63, 11]
[63, 6]
[63, 54, 47]
[63, 54]
[63, 66]
[63, 0]
[63, 37]
[63, 44]
[63, 53]
[63, 62]
[63, 86]
[63, 75]
[63, 72]
[63, 96]
[63, 98]
[63, 13]
[63, 17]
[63, 5]
[63, 9]
[63, 39]
[63, 46]
[63, 48]
[63, 50]
[63, 58]
[63]
[64, 35]
[64, 84]
[64, 73]
[64, 74]
[64, 92]
[64, 12]
[64, 2]
[64, 22]
[64, 28]
[64, 34]
[64, 40]
[64, 44]
[64, 45]
[64, 54]
[64, 70]
[64, 69]
[64, 91]
[64, 93]
[64, 96]
[64, 15]
[64, 18]
[64, 26]
[64, 30]
[64, 39]
[64, 46]
[64, 47]
[64, 49]
[64, 56]
[64, 58]
[64, 62]
[64]
[65, 4]
[65, 67]
[65, 96, 70]
[65, 96]
[65, 98]
[65, 1]
[65, 2]
[65, 32]
[65, 40]
[65, 82]
[65, 81]
[65, 80]
[65, 73]
[65, 66]
[65, 97]
[65, 3]
[65, 7]
[65, 41]
[65, 53]
[65, 71]
[65, 70]
[65, 69]
[65, 11]
[65, 13]
[65, 15]
[65, 16]
[65, 22]
[65, 23]
[65, 24]
[65, 30]
[65, 33]
[65, 34]
[65, 35]
[65, 37]
[65, 42]
[65, 44]
[65, 46]
[65, 47]
[65, 50]
[65, 55]
[65, 58]
[65, 64]
[65]
[66, 32]
[66, 87]
[66, 0]
[66]
[67, 51]
[67, 79]
[67, 5]
[67, 46]
[67, 63, 93]
[67, 63]
[67, 87]
[67, 81]
[67, 92]
[67, 96]
[67, 12]
[67, 37]
[67, 43]
[67, 55]
[67, 82]
[67, 80]
[67, 76]
[67, 75]
[67, 70]
[67, 91]
[67, 93]
[67, 95]
[67, 13]
[67, 1]
[67, 2]
[67, 3]
[67, 7]
[67, 21]
[67, 23]
[67, 27]
[67, 28]
[67, 33]
[67, 39, 87]
[67, 39]
[67, 42]
[67, 44]
[67, 45]
[67, 58]
[67, 66]
[67]
[68, 100]
[68, 81, 100]
[68, 81]
[68, 94, 14]
[68, 94]
[68, 56]
[68, 82]
[68, 14, 81]
[68, 14]
[68, 37, 49]
[68, 37]
[68, 48]
[68, 49]
[68, 75]
[68, 74]
[68, 0]
[68, 1]
[68, 7]
[68, 22]
[68, 29]
[68, 30]
[68, 46]
[68, 52]
[68, 54]
[68, 55, 100]
[68, 55]
[68, 57]
[68, 58]
[68, 62]
[68, 65]
[68, 86]
[68, 83]
[68, 80]
[68, 78]
[68, 73]
[68, 72]
[68, 70]
[68, 69]
[68, 89]
[68, 90]
[68, 95]
[68, 96]
[68, 98]
[68, 99]
[68, 16]
[68, 4]
[68, 6]
[68, 9]
[68, 23]
[68, 24]
[68, 25]
[68, 27]
[68, 39]
[68, 42]
[68, 44]
[68, 53]
[68, 59]
[68, 66]
[68, 67]
[68]
[69, 95]
[69, 32]
[69, 34]
[69, 87]
[69, 70]
[69, 13]
[69, 15]
[69, 17]
[69, 0]
[69, 45]
[69, 66]
[69]
[70, 18]
[70, 45]
[70]
[71, 47]
[71, 87]
[71, 76]
[71, 32]
[71, 66]
[71]
[72, 96]
[72, 11]
[72, 9]
[72, 84]
[72, 79]
[72, 5]
[72, 6]
[72, 34]
[72, 45]
[72, 70]
[72, 100]
[72, 88]
[72, 91]
[72, 92]
[72, 98]
[72, 0]
[72, 3]
[72, 4]
[72, 27, 34]
[72, 27]
[72, 30]
[72, 33]
[72, 35]
[72, 37]
[72, 43]
[72, 47]
[72, 55]
[72, 58]
[72, 60]
[72, 69]
[72]
[73, 23]
[73, 76]
[73, 75]
[73, 95]
[73, 13]
[73, 15, 76]
[73, 15]
[73, 18]
[73, 28]
[73, 32]
[73, 34]
[73, 69]
[73]
[74, 86]
[74, 75]
[74, 98]
[74, 17]
[74, 0]
[74, 9]
[74, 30]
[74, 49]
[74, 71]
[74, 79]
[74, 92]
[74, 93]
[74, 95]
[74, 7]
[74, 24]
[74, 26]
[74, 73]
[74]
[75, 95]
[75, 23]
[75, 69]
[75, 71]
[75, 15]
[75, 45]
[75]
[76, 32]
[76, 28]
[76, 18]
[76]
[77, 64]
[77, 44]
[77, 48]
[77, 97]
[77, 21]
[77, 26]
[77, 54]
[77, 59]
[77, 86]
[77, 81]
[77, 80]
[77, 92]
[77, 0]
[77, 5]
[77, 22]
[77, 33]
[77, 34]
[77, 47]
[77, 100]
[77, 79]
[77, 91]
[77, 93]
[77, 95]
[77, 13]
[77, 16]
[77, 2]
[77, 3]
[77, 23]
[77, 35]
[77, 50]
[77, 52]
[77, 66]
[77, 67]
[77]
[78, 19]
[78, 77, 54]
[78, 77]
[78, 41]
[78, 63]
[78, 82, 24]
[78, 82]
[78, 80]
[78, 98]
[78, 11]
[78, 35]
[78, 42]
[78, 49]
[78, 59]
[78, 64]
[78, 69]
[78, 90]
[78, 97]
[78, 13]
[78, 4]
[78, 24]
[78, 26]
[78, 37]
[78, 46]
[78, 57]
[78, 87]
[78, 86]
[78, 85]
[78, 92]
[78, 95]
[78, 96]
[78, 99]
[78, 12]
[78, 14]
[78, 17]
[78, 18]
[78, 1]
[78, 5]
[78, 7]
[78, 28]
[78, 30]
[78, 38]
[78, 39]
[78, 43]
[78, 51]
[78, 52]
[78, 53]
[78, 54]
[78, 55]
[78, 56]
[78, 58]
[78, 67]
[78, 74]
[78]
[79, 18]
[79, 87]
[79, 93]
[79, 0]
[79, 24]
[79, 76]
[79, 15]
[79, 17]
[79, 23]
[79, 66]
[79, 70]
[79, 75]
[79]
[100, 7]
[100, 70]
[100, 13]
[100, 18]
[100, 71]
[100, 75]
[100, 15]
[100, 0]
[100, 9]
[100, 23]
[100, 34]
[100, 44]
[100]
[80, 24, 17]
[80, 24]
[80, 15]
[80, 34]
[80, 1]
[80, 9]
[80, 95]
[80, 13]
[80, 17]
[80, 4]
[80, 7]
[80, 74]
[80, 75]
[80, 100, 15]
[80, 100]
[80]
[81, 34]
[81, 80]
[81, 84]
[81, 2, 58]
[81, 2]
[81, 45]
[81, 52]
[81, 93]
[81, 95]
[81, 12]
[81, 1]
[81, 6, 34]
[81, 6]
[81, 35]
[81, 40]
[81, 58]
[81, 62]
[81, 64]
[81, 72]
[81, 100]
[81, 82]
[81, 92]
[81, 96]
[81, 98]
[81, 13]
[81, 3]
[81, 7]
[81, 24]
[81, 27]
[81, 32]
[81, 36]
[81, 37]
[81, 39]
[81, 44]
[81, 46]
[81, 51]
[81, 54]
[81, 63]
[81, 66]
[81, 69]
[81, 71]
[81, 76]
[81, 79]
[81]
[82, 18]
[82, 12]
[82, 23]
[82, 24]
[82, 36]
[82, 62]
[82, 85]
[82, 88]
[82, 92]
[82, 3]
[82, 26]
[82, 27]
[82, 37]
[82, 42]
[82, 50]
[82, 54]
[82, 60]
[82, 66]
[82, 73]
[82, 79]
[82, 100]
[82, 87]
[82, 86]
[82, 91]
[82, 97]
[82, 98]
[82, 13]
[82, 4]
[82, 9]
[82, 22]
[82, 28]
[82, 32]
[82, 39]
[82, 40]
[82, 43]
[82, 58]
[82, 64]
[82, 72]
[82, 74]
[82, 75]
[82]
[83, 0]
[83, 51]
[83, 87]
[83, 88]
[83, 96, 70]
[83, 96]
[83, 7]
[83, 22]
[83, 34]
[83, 46]
[83, 57, 34]
[83, 57]
[83, 63]
[83, 69]
[83, 72, 96]
[83, 72]
[83, 86]
[83, 98]
[83, 11]
[83, 99]
[83, 15]
[83, 18]
[83, 21]
[83, 33]
[83, 41]
[83, 42]
[83, 43]
[83, 59]
[83, 60]
[83, 64]
[83, 65]
[83, 66]
[83, 70]
[83, 79]
[83, 82]
[83, 85]
[83, 84]
[83, 12]
[83, 14]
[83, 19]
[83, 4]
[83, 5]
[83, 26]
[83, 30]
[83, 35]
[83, 36]
[83, 44]
[83, 47]
[83, 52]
[83, 53]
[83, 54]
[83, 67]
[83, 77]
[83, 100]
[83, 81, 82]
[83, 81]
[83]
[84, 17]
[84, 54]
[84, 75]
[84, 15]
[84, 9]
[84, 69]
[84, 18]
[84, 7]
[84, 34]
[84, 44]
[84, 47]
[84, 100, 9]
[84, 100]
[84]
[85, 18]
[85, 26]
[85, 44]
[85, 49]
[85, 93]
[85, 17]
[85, 19]
[85, 0]
[85, 28]
[85, 35]
[85, 37]
[85, 50]
[85, 56]
[85, 70]
[85, 100, 70]
[85, 100]
[85, 80]
[85, 88]
[85, 95]
[85, 11]
[85, 1]
[85, 24]
[85, 46]
[85, 53, 44]
[85, 53]
[85, 54]
[85, 55]
[85, 62]
[85, 64]
[85, 66]
[85, 69]
[85, 71]
[85, 73]
[85, 75]
[85, 79]
[85, 84]
[85]
[86, 95]
[86, 17]
[86, 0]
[86, 28]
[86, 13]
[86, 15]
[86, 23]
[86, 47]
[86, 75]
[86]
[87, 76]
[87, 17]
[87, 9]
[87, 28]
[87]